# 首振り
{"format":"us","freq":38,"data":[3247,1588,361,1158,333,1198,353,381,357,378,357,381,327,1194,354,380,357,377,332,1193,329,1200,355,384,329,1195,355,384,355,379,332,1193,329,1199,387,346,335,1196,329,1195,355,380,329,1196,354,380,355,379,355,380,355,379,355,380,329,1196,355,383,355,380,387,344,333,1196,352,386,353,382,387,344,359,379,355,384,353,382,352,382,353,382,327,1198,327,1197,353,386,354,385,329,1196,353,386,353,381,358,381,326,1195,329,1201,327,1197,353,382,355,379,355,380,355,379,355,380,355,380,355,379,355,380,355,379,358,381,325,1201,324,1200,353,382,327,1198,353]}
{"format":"us","freq":38,"data":[3247,1588,361,1158,333,1198,353,381,357,378,357,381,327,1194,354,380,357,377,332,1193,329,1200,355,384,329,1195,355,384,355,379,332,1193,329,1199,387,346,335,1196,329,1195,355,380,329,1196,354,380,355,379,355,380,355,379,355,380,329,1196,355,383,355,380,387,344,333,1196,352,386,353,382,387,344,359,379,355,384,353,382,352,382,353,382,327,1198,327,1197,353,386,354,385,329,1196,353,386,353,381,358,381,326,1195,329,1201,327,1197,353,382,355,379,355,380,355,379,355,380,355,380,355,379,355,380,355,379,358,381,325,1201,324,1200,353,382,327,1198,353]}
{"format":"us","freq":38,"data":[3226,1615,328,1191,332,1193,357,382,354,380,357,377,330,1195,355,379,355,380,329,1195,329,1200,355,384,329,1195,356,383,355,380,329,1195,328,1201,352,386,327,1198,327,1197,355,380,361,1155,366,376,355,380,355,379,355,380,355,379,329,1196,355,383,355,380,387,341,335,1196,353,386,355,379,357,382,353,381,353,382,353,381,387,341,361,380,329,1195,361,1160,393,346,361,385,327,1194,357,381,357,382,355,379,332,1193,361,1160,335,1198,354,380,355,379,355,380,355,380,356,378,357,377,389,342,361,381,353,382,355,379,329,1196,329,1195,381,354,329,1195,374]}
{"format":"us","freq":38,"data":[3224,1612,329,1196,327,1197,355,379,357,378,388,343,335,1193,389,341,361,378,331,1193,361,1162,387,358,329,1195,356,383,355,380,329,1195,361,1162,361,384,329,1195,353,1172,355,379,330,1195,355,379,355,380,355,379,387,342,363,377,361,1158,361,383,387,342,361,379,361,1156,386,361,353,381,389,342,361,381,353,382,384,342,363,380,355,379,329,1196,352,1172,381,358,357,386,352,1168,358,381,357,382,355,379,361,1158,335,1195,329,1200,355,380,354,380,355,379,355,380,381,354,355,379,389,341,393,342,361,381,353,382,327,1197,359,1160,393,342,335,1195,379]}
# オフタイマー
{"format":"us","freq":38,"data":[3175,1610,355,1174,327,1198,327,403,353,382,353,382,324,1200,325,405,327,408,327,1193,329,1196,359,369,336,1195,327,408,350,384,359,1160,333,1198,352,382,353,1176,359,1158,333,405,359,1157,333,405,360,365,335,405,357,367,365,368,365,1157,333,408,351,383,359,368,333,1199,325,410,356,366,335,403,361,365,333,406,358,366,367,365,365,368,364,1160,391,1136,365,370,390,346,365,1160,365,369,365,365,359,382,356,1160,359,384,325,409,325,1196,327,407,353,381,330,405,356,368,333,408,324,405,359,366,332,408,357,367,333,403,327,408,325,1199,325,1200,346]}
{"format":"us","freq":38,"data":[3208,1574,391,1136,333,1198,327,403,328,406,353,382,325,1200,348,382,328,407,325,1195,361,1158,333,408,359,1158,358,380,387,346,365,1158,335,1198,359,367,359,1178,357,1158,335,405,325,1196,327,407,357,367,365,366,366,366,365,367,365,1158,367,365,384,361,327,403,361,1157,365,370,358,382,325,405,326,404,328,407,357,367,365,366,364,368,333,1200,351,1174,358,370,359,386,356,1160,365,370,333,405,325,405,327,1198,355,383,357,368,333,1197,325,405,355,384,359,365,359,382,356,368,333,403,329,406,325,405,359,365,365,367,359,380,358,1160,365,1162,334]}
{"format":"us","freq":38,"data":[3172,1612,353,1180,321,1199,326,408,323,411,324,407,325,1199,325,409,323,412,321,1199,325,1199,325,409,326,1199,324,410,349,385,325,1199,325,1204,323,407,353,1175,327,1198,325,409,323,1197,326,409,322,408,325,405,325,409,323,407,325,1199,325,410,348,386,325,409,323,1202,322,412,323,407,323,407,325,409,323,408,324,406,325,409,324,406,325,1199,351,1178,325,409,349,386,325,1199,325,409,326,409,323,407,325,1200,350,388,323,407,325,1199,323,407,353,386,325,405,327,407,323,407,325,410,322,408,324,406,325,409,323,407,325,409,323,1202,322,1202,325]}
{"format":"us","freq":38,"data":[3175,1610,353,1176,327,1198,325,405,327,407,328,403,329,1195,327,408,325,409,325,1196,327,1198,327,407,327,1198,325,405,355,384,323,1202,325,1200,327,407,351,1174,330,1195,327,407,325,1196,327,407,325,406,324,406,327,407,325,405,325,1200,325,406,352,386,325,406,327,1197,327,408,325,405,327,408,324,406,325,405,327,407,325,406,325,405,327,1198,353,1175,328,407,350,384,327,1197,327,408,327,407,325,406,327,1198,351,383,327,408,356,1158,365,370,358,386,325,405,327,403,327,410,323,405,327,403,327,407,325,406,327,403,327,408,324,1200,325,1200,327]}
